p	item	meso	stat	2st	3rd	sell_complete
4199999999	40	0	6	9	0	1
4199999999	40	0	2	9	0	1
4495000000	40	0	3	9	0	1
4500000000	40	0	4	9	0	1
4549999999	40	0	3	9	0	1
4560000000	40	0	6	9	0	1
4900000000	40	0	1	9	0	1
4999999999	40	0	2	9	0	1
5195000000	40	0	2	12	0	1
6333333333	40	0	2	9	0	1
5500000000	40	0	5	6	0	1
6999999999	40	0	5	9	0	1
4444444444	40	0	4	9	0	0
4155555555	40	0	2	9	0	0
4100000000	40	0	4	9	0	0
4444444444	40	0	3	9	0	0
4533333333	40	0	4	9	0	0
4155555555	40	0	0	0	0	0
4400000000	40	0	4	9	0	0
3999999999	40	0	2	9	0	0
4000000000	40	0	3	9	0	0
4399999999	40	0	0	0	0	0
4333333333	40	0	1	9	0	0
3100000000	40	0	0	0	0	0
4000000000	40	0	2	9	0	0
3999999999	40	0	0	0	0	0
4500000000	40	0	4	9	0	0
3888888888	40	0	0	0	0	0
3800000000	40	0	0	0	0	0
3699999999	40	0	0	0	0	0
3333333333	40	0	0	0	0	0
4900000000	40	0	1	9	0	0
4300000000	40	0	1	9	0	0
3800000000	40	0	3	9	0	0
3800000000	40	0	2	9	0	0
3700000000	40	0	0	0	0	0
3555555555	0	40	6	9	0	1
3888888888	0	40	3	9	0	1
3999999999	0	40	2	12	0	1
3999999999	0	40	1	9	0	1
4444444444	0	40	4	9	0	1
4555555555	0	40	4	9	0	1
5311111111	0	40	4	9	0	1
3499999000	0	40	0	0	0	0
3333333333	0	40	4	9	0	0
3544444444	0	40	5	6	0	0
3699999999	0	40	3	9	0	0
3455555555	0	40	6	9	0	0
3499999999	0	40	3	9	0	0
3599999999	0	40	6	9	0	0
3500000000	0	40	0	0	0	0
3300000000	0	40	6	9	0	0
3300000000	0	40	0	0	0	0
2999999999	0	40	0	0	0	0
3300000000	0	40	2	9	0	0
2555555555	0	40	6	9	0	0
3222222222	0	40	0	0	0	0
3200000000	0	40	0	0	0	0
3699999999	0	40	1	9	0	0
3777777777	0	40	1	9	0	0
3777777777	0	40	3	9	0	0
3333333333	0	40	0	0	0	0
3299999999	0	40	0	0	0	0
3333330000	0	40	0	0	0	0
3499999999	0	40	1	9	0	0
3096999999	0	40	0	0	0	0
3555555555	0	40	6	9	0	0
3544444444	0	40	6	9	0	0
3555555555	0	40	1	9	0	0
3100000000	20	20	6	9	0	0
3111111111	20	20	3	9	0	1
3255555555	20	20	0	0	0	1
3300000000	20	20	0	0	0	1
3477777777	20	20	3	9	0	1
3500000000	20	20	6	9	0	1
3500000000	20	20	3	9	0	1
3999999999	20	20	3	12	0	1
4000000000	20	20	6	9	0	1
3495000000	20	20	5	6	0	0
2999999999	20	20	0	0	0	0
3999999999	20	20	4	9	0	0
3111111111	20	20	6	9	0	0
3100000000	20	20	0	0	0	0
3000000000	20	20	5	6	0	0
3799999999	20	20	4	9	0	0
3000000000	20	20	0	0	0	0
3299999999	20	20	5	6	0	0
3000000000	20	20	3	9	0	0
2999999999	20	20	6	9	0	0
3444444444	20	20	1	9	0	0
3099999999	20	20	2	9	0	0
2800000000	20	20	3	9	0	0
3299999999	20	20	6	9	0	0
3333333333	20	20	4	9	0	0
2999999999	20	20	0	0	0	0
2899999999	20	20	3	9	0	0
2799999999	20	20	0	0	0	0
2988888888	20	20	6	9	0	0
2999999999	20	20	2	9	0	0
2955555111	20	20	5	6	0	0
2888888888	20	20	6	9	0	0
2950000000	20	20	6	9	0	0
3499999999	20	20	1	9	0	0
2800000000	20	20	6	9	0	0
2888881410	20	20	0	0	0	0
2950000000	20	20	0	0	0	0
2999999998	20	20	2	9	0	0
3666666666	20	20	3	9	0	0
3999999000	20	20	5	6	0	0
2299999999	20	20	1	6	0	0
3599999999	20	20	1	9	0	0
3500000000	20	20	5	6	0	0
2999999999	20	20	0	0	0	0
3399999999	20	20	2	9	0	0
3388888888	20	20	2	9	0	0
3299999999	20	20	2	9	0	0
2999999999	20	20	2	9	0	0
3299999999	20	20	0	0	0	0
3000000000	20	20	0	0	0	0
2990000000	20	20	6	9	0	0
3100000000	20	20	6	9	0	0
3699999999	20	20	4	9	0	0
3666666666	20	20	2	9	0	0
3500000000	20	20	4	9	0	0
2800000000	20	20	2	9	0	0
2400000000	20	20	2	9	0	0
2999999999	20	20	0	0	0	0
2799999999	20	20	0	0	0	0
2999999999	20	20	6	9	0	0
3500000000	20	20	1	9	0	0
2788888888	20	20	6	9	0	0
3199999999	20	20	2	9	0	0
2800000000	20	20	0	0	0	0
2999999999	20	20	0	0	0	0
3444444444	20	20	6	9	0	0
3099999999	20	20	6	9	0	0
2999999999	20	20	2	9	0	0
3300000000	20	20	0	0	0	0
260000000	20	0	0	0	0	1
266666666	20	0	0	0	0	1
279999999	20	0	2	9	9	1
288888888	20	0	0	0	0	1
309999999	20	0	0	0	0	1
311111111	20	0	2	9	6	1
377777777	20	0	3	9	9	1
388888888	20	0	2	9	9	1
388888888	20	0	0	0	0	1
399999999	20	0	3	9	9	1
449990000	20	0	6	12	9	1
788888888	20	0	0	0	0	1
799990000	20	0	1	12	9	1
250000000	20	0	2	9	9	0
255555555	20	0	0	0	0	0
250000000	20	0	0	0	0	0
276666666	20	0	0	0	0	0
300000000	20	0	0	0	0	0
261111111	20	0	0	0	0	0
255555555	20	0	0	0	0	0
244444444	20	0	0	0	0	0
400000000	20	0	1	6	9	0
277777777	20	0	0	0	0	0
266666666	20	0	0	0	0	0
249999999	20	0	0	0	0	0
499999999	20	0	5	6	6	0
277777777	20	0	0	0	0	0
320000000	20	0	0	0	0	0
399999999	20	0	1	9	9	0
333333333	20	0	0	0	0	0
270000000	20	0	1	6	9	0
270000000	20	0	0	0	0	0
244444444	20	0	0	0	0	0
249999999	20	0	0	0	0	0
398000000	20	0	3	9	9	0
499999000	20	0	5	6	6	0
378888888	20	0	4	12	9	0
333333333	20	0	3	9	9	0
299999999	20	0	0	0	0	0
369999999	20	0	4	6	9	0
299999999	20	0	0	0	0	0
299999999	20	0	4	9	9	0
222222222	20	0	0	0	0	0
266666666	20	0	6	9	9	0
288888888	20	0	2	9	6	0
264999999	20	0	0	0	0	0
289999999	20	0	2	9	9	0
299999999	20	0	3	6	9	0
259999999	20	0	0	0	0	0
289999999	20	0	3	9	6	0
299999999	20	0	1	9	6	0
277777777	20	0	4	6	9	0
209999999	20	0	0	0	0	0
289999999	20	0	4	9	9	0
259999999	20	0	0	0	0	0
265555555	20	0	5	6	6	0
279999999	20	0	4	9	9	0
288888888	20	0	0	0	0	0
399990000	20	0	6	9	12	0
299999999	20	0	0	0	0	0
279999999	20	0	4	9	9	0
255555555	20	0	0	0	0	0
254444444	20	0	0	0	0	0
244444444	20	0	0	0	0	0
244444444	20	0	0	0	0	0
269999999	20	0	0	0	0	0
299999999	20	0	0	0	0	0
279999999	20	0	2	6	9	0
249999999	20	0	0	0	0	0
277777777	20	0	0	0	0	0
288888888	20	0	1	9	9	0
99999999	20	0	0	0	0	0
270000000	20	0	3	9	9	0
350000000	20	0	0	0	0	0
222222222	20	0	0	0	0	0
211111111	20	0	0	0	0	0
199999999	20	0	0	0	0	0
199999999	20	0	0	0	0	0
210000000	20	0	0	0	0	0
195000000	20	0	6	9	9	0
171111111	20	0	6	9	9	0
299999999	20	0	4	12	6	0
280000000	20	0	2	6	9	0
208888888	20	0	0	0	0	0
399999999	20	0	1	9	9	0
212222222	20	0	0	0	0	0
311111111	20	0	3	9	9	0
211111111	20	0	0	0	0	0
299999999	20	0	1	12	6	0
250000000	20	0	0	0	0	0
233333333	20	0	0	0	0	0
250000000	20	0	0	0	0	0
249999999	20	0	0	0	0	0
333330000	20	0	4	12	9	0
238888888	20	0	0	0	0	0
239999999	20	0	0	0	0	0
299990000	20	0	4	9	9	0
299999999	20	0	1	9	9	0
299888888	20	0	4	9	9	0
250000000	20	0	0	0	0	0
349999999	20	0	4	12	9	0
188888888	20	0	1	9	9	0
99999999	20	0	1	9	9	0
222222222	20	0	0	0	0	0
280000000	20	0	3	9	9	0
230000000	20	0	0	0	0	0
270000000	20	0	1	9	9	0
220000000	20	0	0	0	0	0
222222222	20	0	0	0	0	0
233333333	20	0	4	9	6	0
199999999	20	0	4	9	9	0
219999999	20	0	0	0	0	0
244444444	20	0	0	0	0	0
215000000	20	0	0	0	0	0
179999999	20	0	0	0	0	0
198888888	20	0	0	0	0	0
177777777	20	0	0	0	0	0
175555555	20	0	0	0	0	0
169999999	20	0	0	0	0	0
169999999	20	0	0	0	0	0
188888888	20	0	0	0	0	0
249999999	20	0	3	9	9	0
200000000	20	0	0	0	0	0
244444444	20	0	2	9	6	0
200000000	20	0	0	0	0	0
222222222	20	0	1	6	9	0
255555555	20	0	0	0	0	0
429999999	20	0	1	9	9	0
222222222	20	0	0	0	0	0
195444444	20	0	0	0	0	0
219999999	20	0	0	0	0	0
288888888	20	0	2	6	9	0
299990000	20	0	4	9	9	0
209999999	20	0	0	0	0	0
210000000	20	0	0	0	0	0
222222222	20	0	0	0	0	0
233333333	20	0	1	6	9	0
244444444	20	0	4	9	6	0
198888888	20	0	0	0	0	0
333333333	20	0	1	9	9	0
197999999	20	0	0	0	0	0
277777777	20	0	4	9	9	0
193333333	20	0	0	0	0	0
199999999	20	0	2	9	6	0
195500000	20	0	0	0	0	0
270000000	20	0	4	9	9	0
219999999	20	0	1	9	6	0
499990000	20	0	3	9	12	0
199988888	20	0	0	0	0	0
198888888	20	0	0	0	0	0
199999999	20	0	0	0	0	0
199999999	20	0	1	6	9	0
199999999	20	0	0	0	0	0
211111111	20	0	0	0	0	0
199999999	20	0	0	0	0	0
222222222	20	0	3	9	6	0
188888888	20	0	0	0	0	0
190000000	20	0	0	0	0	0
230000000	20	0	2	9	9	0
199999998	20	0	0	0	0	0
220000000	20	0	0	0	0	0
199999999	20	0	0	0	0	0
165555555	20	0	0	0	0	0
199999999	20	0	0	0	0	0
279999999	0	20	2	9	9	1
299990000	0	20	6	12	9	1
299990000	0	20	6	12	9	1
350000000	0	20	0	0	0	1
399999999	0	20	0	0	0	1
399999999	0	20	1	6	9	1
450000000	0	20	5	6	6	1
455555555	0	20	2	9	9	1
455555555	0	20	1	12	9	1
499999999	0	20	4	12	9	1
499999999	0	20	1	12	9	1
555555555	0	20	4	9	12	1
266666666	0	20	3	9	9	0
299999999	0	20	2	12	9	0
255555555	0	20	0	0	0	0
249999999	0	20	3	9	9	0
349990000	0	20	4	12	9	0
199999999	0	20	2	9	9	0
269999999	0	20	0	0	0	0
266666666	0	20	0	0	0	0
450000000	0	20	1	12	9	0
250000000	0	20	0	0	0	0
254333333	0	20	0	0	0	0
349990000	0	20	4	12	9	0
244444444	0	20	0	0	0	0
270000000	0	20	4	9	9	0
399999999	0	20	5	6	6	0
250000000	0	20	0	0	0	0
240000000	0	20	0	0	0	0
250000000	0	20	4	12	6	0
255555555	0	20	4	9	9	0
266666666	0	20	1	9	6	0
211111111	0	20	4	12	6	0
234343434	0	20	0	0	0	0
234000000	0	20	0	0	0	0
350000000	0	20	1	12	9	0
255555555	0	20	1	6	9	0
239999999	0	20	3	9	9	0
220000000	0	20	0	0	0	0
229999999	0	20	4	9	6	0
215555555	0	20	0	0	0	0
220000000	0	20	0	0	0	0
222222222	0	20	1	9	6	0
160000000	0	20	3	9	9	0
244444444	0	20	1	9	6	0
219999999	0	20	0	0	0	0
211111111	0	20	6	9	9	0
199999999	0	20	0	0	0	0
239999999	0	20	4	9	9	0
250000000	0	20	0	0	0	0
233333333	0	20	0	0	0	0
200000000	0	20	0	0	0	0
222222222	0	20	0	0	0	0
233333000	0	20	3	12	9	0
250000000	0	20	0	0	0	0
300000000	0	20	4	12	9	0
349990000	0	20	3	12	9	0
255555555	0	20	0	0	0	0
250000000	0	20	3	12	9	0
233333333	0	20	0	0	0	0
199999999	0	20	0	0	0	0
179999999	0	20	0	0	0	0
255555555	0	20	1	9	9	0
244444444	0	20	0	0	0	0
233333333	0	20	0	0	0	0
188888888	0	20	0	0	0	0
230000000	0	20	2	9	9	0
179999999	0	20	0	0	0	0
222222222	0	20	0	0	0	0
239999999	0	20	2	9	9	0
199999999	0	20	0	0	0	0
244444444	0	20	4	9	9	0
249999999	0	20	2	9	9	0
133333333	0	20	2	9	9	0
244444444	0	20	1	9	6	0
100000000	0	20	2	9	9	0
300000000	0	20	3	9	9	0
188888888	0	20	0	0	0	0
230000000	0	20	2	12	6	0
266666666	0	20	4	9	9	0
277777777	0	20	4	12	9	0
222211111	0	20	2	9	6	0
299999999	0	20	1	9	9	0
299999998	0	20	1	9	9	0
240000000	0	20	4	9	9	0
240000000	0	20	0	0	0	0
248888888	0	20	1	9	9	0
220000000	0	20	0	0	0	0
211111111	0	20	0	0	0	0
333333333	0	20	5	9	6	0
188888888	0	20	0	0	0	0
249999999	0	20	3	9	9	0
188888888	0	20	0	0	0	0
219999999	0	20	0	0	0	0
210000000	0	20	0	0	0	0
200000000	0	20	0	0	0	0
210000000	0	20	0	0	0	0
280000000	0	20	1	9	9	0
299999999	0	20	1	9	9	0
199999999	0	20	0	0	0	0
199999999	0	20	0	0	0	0
199999999	0	20	0	0	0	0
250000000	0	20	5	9	6	0
198888888	0	20	0	0	0	0
298999999	0	20	4	9	9	0
